217 983 5
217 974 3
217 785 4
217 717 4
217 616 4
217 416 5
217 125 5
215 316 5
215 159 4
215 520 5
215 634 5
215 717 5
215 381 3
130 157 5
130 550 5
130 625 2
130 975 5
130 915 5
130 930 2
130 528 5
130 562 4
130 444 5
130 95 5
130 781 2
130 383 2
130 687 5
130 431 5
130 376 4
136 256 5
136 381 5
136 440 2
136 711 5
494 633 4
139 159 4
139 283 5
138 159 5
138 550 5
138 985 5
138 44 2
138 445 2
138 125 5
26 195 4
26 693 5
26 283 1
26 997 5
26 381 4
26 860 4
26 944 4
26 685 5
21 381 4
21 542 3
21 721 5
28 867 5
29 760 5
29 137 3
29 24 3
29 26 3
29 284 5
29 715 3
29 998 4
29 425 5
29 910 5
29 371 4
29 100 4
29 922 5
29 988 3
29 258 4
29 171 4
29 396 5
29 235 5
29 147 3
29 772 3
29 148 5
29 74 5
29 484 3
29 944 5
346 416 4
346 159 4
346 507 5
346 465 3
346 301 4
346 616 5
346 711 2
346 307 1
346 96 3
346 12 1
346 262 1
347 693 4
347 934 4
347 997 5
347 717 4
347 715 5
347 265 3
347 531 5
347 377 2
347 709 5
347 111 1
347 520 1
347 367 5
347 855 3
347 438 4
347 331 4
347 63 1
347 977 5
347 502 5
347 90 4
347 92 4
347 601 1
347 230 5
347 680 4
342 151 5
342 661 5
342 910 4
326 125 5
326 915 3
282 440 5
282 544 4
282 170 5
452 377 2
452 985 1
263 157 4
263 445 4
263 491 2
123 985 5
123 490 5
123 976 5
123 858 5
123 796 4
123 584 3
123 73 4
123 958 2
123 685 5
123 656 5
266 497 5
266 814 1
266 997 4
266 679 4
266 717 1
266 12 1
266 219 1
266 961 1
266 59 1
266 410 1
266 298 4
266 834 3
266 919 1
266 918 5
266 915 4
266 528 3
266 301 1
266 381 1
266 385 4
266 243 1
266 337 3
266 152 1
266 972 1
266 651 1
266 465 1
266 317 4
266 15 1
266 962 1
266 722 4
266 557 1
266 45 5
266 773 4
266 671 5
265 199 4
265 661 4
265 985 4
265 977 5
265 289 5
265 633 5
265 392 4
265 513 5
265 377 5
127 542 5
127 717 1
127 711 4
127 100 5
127 721 5
268 855 4
268 199 1
268 125 5
50 591 2
50 890 5
50 621 5
50 336 4
50 701 4
50 60 3
50 973 5
50 316 4
50 612 4
50 445 5
50 307 2
50 12 1
50 350 4
424 10 5
424 444 4
379 152 5
379 766 5
379 764 5
379 444 1
378 625 5
378 195 5
378 915 4
378 711 4
378 444 4
378 381 5
378 12 1
378 16 5
378 376 1
293 256 5
319 838 5
319 701 5
319 277 5
313 834 5
313 16 4
313 946 1
190 444 4
393 256 1
393 340 3
393 73 3
393 381 4
393 16 5
393 536 4
393 474 4
393 377 4
88 321 5
88 915 4
88 528 3
88 721 5
88 107 5
88 465 5
88 10 1
88 962 5
88 946 5
88 57 3
88 350 4
88 685 4
89 151 4
89 390 4
89 739 2
89 568 5
89 758 1
89 242 3
89 430 4
274 834 5
274 785 4
274 95 1
274 96 5
274 16 5
274 685 5
275 623 5
275 550 5
275 857 4
275 542 5
275 544 4
275 283 4
275 711 5
275 72 4
275 100 5
275 10 4
275 470 4
394 377 5
279 195 5
279 256 4
279 855 3
81 627 5
81 187 3
81 985 5
81 199 3
81 873 2
81 767 3
81 716 5
81 470 4
81 531 5
87 195 5
87 557 1
87 915 5
87 985 5
87 656 1
87 976 5
87 406 1
87 440 1
87 444 1
87 73 4
87 14 4
87 59 1
87 781 5
87 16 5
87 44 5
87 473 4
87 337 5
87 376 3
364 25 4
364 0 5
364 347 3
364 997 5
364 915 4
364 52 4
364 591 4
364 985 5
364 796 5
364 834 5
364 104 5
364 849 5
364 977 5
364 857 4
364 973 4
364 569 3
364 5 5
364 350 5
363 337 5
363 834 5
363 440 1
363 95 2
426 745 4
426 137 5
426 976 5
426 737 5
426 360 3
426 550 5
426 510 3
426 912 4
426 125 5
448 621 5
448 625 2
448 61 5
448 617 5
448 490 1
448 321 5
448 544 4
448 440 2
448 381 5
448 536 3
442 195 1
442 693 5
442 440 1
442 616 5
442 711 3
442 444 1
446 550 5
446 256 3
446 321 4
446 544 5
446 855 4
446 717 3
446 444 3
446 96 2
446 10 5
446 473 4
446 125 5
445 195 5
246 499 4
246 134 4
246 340 3
246 816 2
246 995 3
246 125 4
246 126 3
246 52 3
246 591 2
246 307 1
246 380 3
246 444 1
246 783 4
246 634 4
246 14 5
246 721 4
246 770 5
306 131 3
306 958 1
306 483 1
306 813 4
249 281 5
249 995 2
249 634 4
249 12 1
104 256 5
104 915 4
104 855 1
104 440 4
104 16 5
104 350 4
104 826 5
339 0 1
339 815 3
339 716 4
339 591 2
339 194 5
339 193 1
339 271 4
339 279 5
339 527 5
339 445 1
339 107 3
339 30 5
339 90 5
339 740 1
339 556 1
339 235 5
339 948 2
339 22 3
339 402 4
339 933 3
339 377 2
339 709 4
339 707 1
339 394 1
339 83 1
339 584 1
339 580 1
339 971 1
339 970 4
339 598 4
339 14 5
339 18 5
339 320 1
339 779 5
339 547 3
339 120 5
339 122 4
339 928 4
339 920 5
339 380 4
339 383 3
339 783 4
339 789 1
339 67 1
339 505 1
339 503 4
339 469 1
339 466 1
339 809 5
339 350 5
339 359 1
339 767 1
339 288 5
339 283 3
339 678 3
339 260 4
339 59 4
339 55 5
339 56 5
339 988 4
339 301 3
339 307 1
339 566 4
339 724 1
339 952 3
339 483 1
337 195 5
337 179 3
337 278 5
62 499 4
62 693 5
62 281 1
62 717 1
62 998 5
62 260 5
62 983 4
62 980 4
62 911 1
62 385 5
62 107 3
62 785 2
62 61 5
62 974 5
62 460 4
62 12 1
62 44 3
62 45 4
62 73 5
64 217 5
64 214 4
64 210 5
64 760 5
64 765 5
64 135 4
64 198 4
64 691 4
64 22 4
64 289 5
64 939 4
64 404 4
64 546 4
64 282 4
64 814 3
64 915 5
64 413 5
64 988 5
64 277 5
64 279 4
64 86 5
64 796 5
64 837 4
64 839 3
64 912 3
64 584 4
64 582 5
64 245 4
64 588 5
64 107 4
64 843 5
64 640 4
64 191 5
64 246 4
64 481 4
64 312 5
64 634 3
64 463 4
64 11 5
64 963 5
64 372 5
64 550 4
64 638 5
64 899 3
64 616 4
64 149 4
64 711 4
64 485 4
64 79 4
64 818 4
64 685 2
64 806 5
65 985 5
65 758 3
65 377 5
175 190 3
175 500 3
175 102 3
173 60 5
173 693 2
173 915 5
173 717 1
173 301 3
173 616 5
181 915 5
181 528 5
460 915 3
460 256 4
168 195 5
168 381 3
229 855 1
229 915 3
228 100 5
164 621 1
164 625 1
164 855 1
164 344 1
164 915 1
164 528 3
164 28 1
164 752 1
164 324 1
164 475 1
164 316 3
164 382 1
164 920 1
164 102 1
164 100 1
164 91 1
164 12 2
164 51 1
164 721 5
90 768 5
90 499 4
90 496 5
90 698 1
90 935 1
90 366 1
90 220 1
90 51 5
90 296 1
90 377 5
90 989 1
90 66 1
90 115 5
90 244 1
90 833 1
90 368 5
90 523 5
90 723 3
90 304 5
90 305 1
90 444 4
90 307 1
90 781 5
90 518 4
90 434 4
90 538 1
90 403 3
90 501 5
90 810 1
90 227 1
90 96 5
90 966 5
90 356 5
90 867 5
90 727 1
90 287 5
90 743 5
90 46 4
90 42 4
90 617 5
90 473 5
167 195 4
94 623 3
94 198 3
94 915 5
94 766 3
94 625 2
94 134 5
94 497 5
94 857 5
94 283 5
94 891 5
94 73 5
94 107 5
94 860 4
94 867 5
94 470 1
94 722 5
94 824 3
97 891 5
97 440 1
97 616 5
97 381 3
97 470 4
220 466 1
220 427 5
220 372 5
220 813 5
220 513 5
10 16 5
10 617 5
10 260 5
10 722 5
10 281 5
14 256 5
14 616 4
14 722 5
17 195 4
17 700 4
17 550 3
17 977 5
17 281 4
17 502 5
17 500 3
17 997 5
17 240 5
17 128 4
17 14 5
17 514 5
397 217 5
397 661 5
397 25 5
397 340 4
397 716 4
397 260 4
397 533 4
397 195 5
397 145 5
397 790 4
397 798 3
397 523 3
397 915 5
397 587 5
397 245 5
397 786 3
397 970 4
397 439 5
397 625 1
397 316 5
397 568 4
397 756 5
397 190 5
397 16 4
397 728 5
397 150 5
397 156 4
397 749 3
397 235 5
397 237 5
397 956 5
397 818 5
397 982 4
397 685 1
155 544 4
155 281 5
155 814 5
155 961 1
155 195 4
155 984 1
155 85 5
155 520 3
155 441 3
155 306 1
155 383 1
155 385 1
155 100 5
155 248 1
155 625 4
155 256 5
155 107 5
155 560 1
155 228 1
155 96 1
155 14 5
155 152 1
155 356 1
155 320 1
155 807 4
235 834 5
235 157 5
235 721 5
235 256 5
235 289 5
235 125 1
356 625 5
356 195 5
356 796 5
356 289 5
356 855 3
356 542 3
356 444 3
41 2 5
322 838 4
322 536 5
322 915 5
5 289 5
5 392 5
325 60 1
325 256 4
325 855 1
325 973 5
325 770 4
325 569 4
325 544 2
325 902 3
325 785 2
325 470 3
329 834 5
329 838 4
352 661 5
147 693 5
147 550 5
147 270 4
147 834 5
147 737 5
147 933 4
147 445 4
147 10 2
147 12 2
147 814 4
147 536 4
147 470 4
147 350 5
147 921 5
147 294 5
207 277 5
207 661 5
207 510 5
207 814 5
141 195 5
141 337 3
141 634 5
141 73 2
141 96 4
484 277 4
484 510 5
484 483 5
483 675 1
480 219 1
480 490 1
480 347 1
480 544 1
480 337 5
480 59 1
480 539 1
480 796 5
480 794 1
480 838 1
480 301 1
480 444 4
480 842 1
480 783 5
480 33 5
480 626 1
480 256 3
480 976 5
480 852 5
480 656 1
480 785 5
480 967 5
480 16 4
480 881 5
480 157 1
480 945 1
480 685 5
480 806 1
473 195 5
473 444 2
473 721 3
473 528 2
470 958 4
470 777 4
470 556 5
470 962 5
470 28 1
470 377 5
354 660 4
354 693 5
354 0 4
354 813 5
354 991 1
354 260 5
354 126 4
354 915 4
354 584 3
354 446 4
354 445 4
354 170 3
354 975 5
354 974 4
354 501 3
354 750 4
354 634 4
354 460 5
354 95 3
354 12 3
354 159 4
354 550 4
477 761 3
477 343 3
477 199 1
477 372 5
477 789 5
477 513 5
477 63 1
477 633 5
477 469 1
477 466 2
477 726 1
477 749 3
477 551 3
477 954 1
477 121 1
344 289 5
344 102 5
340 717 5
340 617 4
343 625 5
343 159 3
348 199 3
298 648 5
299 717 3
299 737 4
296 190 5
297 42 5
199 915 4
199 711 4
198 16 5
195 16 5
194 721 5
197 651 5
197 910 5
271 284 5
276 361 4
276 318 5
277 536 1
443 625 5
440 758 1
440 701 3
440 440 1
447 737 5
447 910 5
109 465 4
102 444 5
102 721 4
102 392 5
103 256 5
100 465 1
101 550 5
107 977 4
107 809 5
105 102 1
39 195 5
39 381 3
39 625 5
33 557 1
32 853 1
31 270 3
31 822 5
30 517 5
37 63 1
37 761 1
34 377 3
34 392 5
439 260 5
435 100 5
432 661 3
433 470 5
433 337 5
430 616 5
431 256 5
431 195 5
338 256 5
335 195 4
333 470 2
332 151 4
0 482 4
6 890 4
98 195 3
93 785 5
95 195 5
238 958 3
238 510 3
234 514 5
234 125 5
236 985 5
237 530 4
230 143 5
230 256 5
231 804 4
232 151 5
232 199 1
232 962 2
233 385 5
233 321 4
1 256 5
1 16 5
1 867 5
146 601 5
145 503 1
140 100 5
140 72 5
149 344 4
132 316 3
132 855 2
131 61 5
499 717 5
499 785 5
499 985 4
135 344 5
135 705 5
135 376 1
134 761 4
495 625 3
490 834 4
491 44 5
491 982 3
491 351 5
492 440 5
492 16 5
492 528 1
493 260 5
20 500 5
23 195 5
23 256 5
23 381 2
407 821 4
409 701 4
409 568 5
408 517 5
408 556 1
408 424 5
373 701 5
375 519 5
374 16 5
374 503 5
377 151 5
377 41 4
376 500 4
392 985 2
392 701 3
390 104 4
390 536 5
390 16 5
396 84 5
396 625 5
395 814 4
82 895 5
83 316 4
86 195 5
247 381 5
242 528 1
248 336 1
248 946 1
248 31 1
248 601 5
458 513 5
459 138 4
450 381 2
450 975 3
451 961 5
453 470 5
454 985 5
454 270 1
455 857 4
456 159 5
457 377 4
179 12 5
179 544 1
178 697 3
176 785 4
174 857 4
174 648 1
174 385 5
172 508 5
172 847 4
172 967 5
171 910 4
182 377 5
182 814 1
180 42 4
2 921 4
2 42 4
2 783 1
186 10 4
187 392 5
184 260 5
185 685 5
189 749 3
11 893 1
11 533 5
15 45 5
15 100 5
19 621 5
19 14 5
19 96 3
18 377 5
18 427 5
323 550 5
320 834 4
320 616 4
324 102 4
324 555 4
203 519 5
202 568 3
202 675 5
202 199 5
204 747 5
209 376 4
208 692 2
76 860 4
74 444 4
73 563 4
79 555 3
120 985 4
120 159 4
120 440 4
121 392 2
121 617 5
121 973 4
121 41 5
122 420 4
122 910 4
124 796 3
126 72 4
415 289 5
415 392 5
417 366 5
411 344 4
413 195 4
413 440 2
137 510 5
418 470 4
419 536 4
318 915 3
318 256 5
318 625 5
312 465 3
312 340 1
310 278 5
310 566 5
317 625 5
316 528 1
315 809 5
315 737 5
3 693 5
368 697 3
366 949 4
367 372 4
367 661 4
365 321 5
365 915 5
362 107 4
360 470 3
360 528 4
380 838 4
382 544 5
382 785 5
382 73 5
383 563 5
383 596 5
386 625 5
386 195 5
388 661 5
60 7 3
60 223 5
60 399 4
61 544 3
259 721 5
259 195 5
67 834 3
252 42 5
69 444 3
69 625 1
251 661 4
257 190 5
257 998 3
257 977 4
255 855 5
469 381 3
468 976 1
467 350 4
466 73 5
463 701 4
169 289 4
161 591 2
162 466 3
163 623 2
357 102 3
357 998 5
357 760 3
355 915 4
350 510 5
350 392 1
359 444 5
216 107 4
213 977 3
210 381 1
211 743 5
219 102 5
219 596 5
288 806 2
288 634 5
4 392 5
280 542 5
285 544 5
284 104 3
287 444 4
287 785 5
286 282 5
286 125 4
286 381 5
262 834 5
262 283 5
261 104 5
260 701 1
260 63 3
267 723 3
264 561 5
55 625 5
55 648 1
54 806 3
51 625 5
53 289 5
52 151 5
117 270 5
117 536 2
116 834 5
116 721 5
116 716 4
116 986 5
113 444 2
253 625 4
429 785 4
428 260 4
428 536 4
420 651 5
420 268 5
423 91 5
300 910 5
300 281 3
302 515 3
305 615 4
305 44 4
305 460 4
227 392 1
226 100 5
224 528 4
223 61 4
114 45 5
114 131 4
151 102 1
150 444 2
153 625 5
153 440 3
152 719 5
152 182 1
154 519 5
157 556 4
159 692 3
112 915 5
49 337 5
49 550 5
46 125 5
489 190 3
489 813 3
488 536 4
488 381 5
487 195 5
487 915 4
486 785 4
486 195 5
472 544 2
471 337 4
476 199 5
476 114 4
478 915 3
